cpu  536220 1303 133290 36106726 5164 0 29548 0 0 0
cpu0 32958 111 8308 2256705 184 0 18772 0 0 0
cpu1 34913 110 7835 2256162 161 0 5083 0 0 0
cpu2 35204 183 7810 2256239 157 0 1544 0 0 0
cpu3 36679 3 7932 2254926 160 0 745 0 0 0
cpu4 35262 3 7564 2256510 345 0 378 0 0 0
cpu5 38304 3 8366 2252750 254 0 206 0 0 0
cpu6 34380 78 8270 2255056 361 0 172 0 0 0
cpu7 26910 226 14422 2253900 410 0 1175 0 0 0
cpu8 31615 103 8210 2258467 353 0 86 0 0 0
cpu9 32208 131 8171 2258691 448 0 62 0 0 0
cpu10 31236 82 7626 2259892 378 0 45 0 0 0
cpu11 32449 4 8173 2255994 482 0 1187 0 0 0
cpu12 31954 2 7611 2259385 358 0 28 0 0 0
cpu13 32787 56 7602 2258510 312 0 32 0 0 0
cpu14 33545 120 7711 2257758 418 0 20 0 0 0
cpu15 35810 81 7674 2255774 374 0 8 0 0 0
0		1	2	3	4		5	6 7 8 9 10

id
	to get cpu load by id:
	total = 1 + 2 + 3 ... + 10 
	load = 100 - (4 / total) * 100


35810+81+7674+2255774+374+8
2299721
100 - (2255774 / 2299721) * 100
1.91
